0000021
0000033
0000052
0000306
0000334
0000335
0000352
0000356
0000358
0000391
0000418
0000434
0000436
0000569
0000571
0000636
0000642
0000684
0000685
0000692
0000718
0000720
0000738
0000741
0000750
0000756
0000761
0000777
0000794
0000833
0000834
0000838
0000839
0000847
0000858
0000860
0000875
0000876
0000877
0000879
0000880
0000881
0000882
0000883
0000884
0000885
0000886
0000887
0000957
0000969
0000988
0000995
0002060
0002073
0002110
0002138
0002173
0002174
0002240
0002263
0002274
0002382
0002385
0002434
0002440
0002447
0002515
0002516
0002517
0002518
0002524
0002541
0002546
0002555
0002569
0002592
0002717
0002798
0002804
0002813
0002814
0002821
0002836
0002863
0002865
0002872
0002878
0002881
0002887
0002889
0002892
0002906
0002917
0002929
0002971
0002981
0002988
0003029
0003043
0003118
0003257
0003285
0003412
0003449
0003522
0003622
0003714
0003718
0003724
0003728
0003735
0003758
0003766
0003774
0003790
0003821
0003996
0004031
0004089
0004185
0004186
0004187
0004198
0004312
0004336
0004337
0004339
0004340
0004341
0004342
0004343
0004344
0004348
0004350
0004353
0004462
0004528
0004618
0004625
0004626
0004627
0004628
0004629
0004631
0004632
0004633
0004634
0004636
0004643
0004657
0004658
0004659
0004661
0004662
0004663
0004664
0004667
0004670
0004671
0004672
0004673
0004682
0004703
0004704
0004718
0004729
0004742
0004820
0004849
0004922
0004985
0005019
0005072
0005073
0005136
0005156
0005168
0005253
0005254
0005256
0005261
0005262
0005265
0005278
0005340
0005341
0005342
0005348
0005376
0005378
0005387
0005388
0005389
0005393
0005394
0005443
0005447
0005466
0005508
0005550
0005599
0005605
0005609
0005626
0005627
0005629
0005632
0005633
0005637
0005638
0005639
0005650
0005670
0005698
0005758
0005878
0005909
0005910
0005911
0005912
0005914
0005915
0005916
0005917
0005918
0005919
0005921
0005922
0005923
0005925
0005926
0005928
0005929
0005932
0005934
0005962
0005997
0006018
0006024
0006026
0006058
0006066
0006095
0006148
0006161
0006168
0006271
0006316
0006325
0006339
0006354
0006398
0006401
0006415
0006440
0006441
0006444
0006498
0006505
0006518
0006532
0006533
0006548
0006549
0006578
0006583
0006649
0006674
0006679
0006692
0006703
0006736
0006739
0006771
0006810
0006811
0006829
0006843
0006855
0006858
0006864
0006884
0006904
0006906
0006908
0006911
0006921
0006931
0006975
0006979
0006983
0007020
0007021
0007081
0007156
0007167
0007180
0007271
0007380
0007381
0007401
0007406
0007407
0007418
0007419
0007518
0007522
0007524
0007527
0007537
0007539
0007548
0007557
0007588
0007592
0007597
0007642
0007646
0007667
0007673
0007675
0007677
0007731
0007744
0007747
0007834
0007839
0007849
0007850
0007853
0007858
0007861
0007870
0007871
0007897
0007898
0007906
0007907
0007910
0008106
0008108
0008114
0008145
0008146
0008147
0008201
0008239
0008274
0008289
0008305
0008306
0008307
0008308
0008310
0008311
0008312
0008314
0008315
0008316
0008317
0008318
0008319
0008320
0008323
0008326
0008327
0008349
0008368
0008377
0008481
0008520
0008523
0008594
0008653
0008665
0008767
0008769
0008802
0008833
0008843
0008845
0008952
0008993
0009120
0009126
0009133
0009166
0009168
0009169
0009174
0009183
0009185
0009196
0009240
0009254
0009283
0009284
0009300
0009361
0009371
0009373
0009421
0009424
0009488
0009509
0009620
0009641
0009647
0009661
0009791
0009883
0009888
0009890
0009904
0009922
0009927
0009937
0009938
0009939
0009940
0009945
0009948
0009958
filenames.txt
