0000023
0000025
0000475
0000789
0000823
0000860
0000886
0000887
0002060
0002078
0002183
0002394
0002447
0002524
0002546
0002562
0002573
0002604
0002801
0002811
0002879
0002972
0003002
0003044
0003045
0003181
0003186
0003190
0003191
0003269
0003319
0003366
0003723
0003724
0004048
0004089
0004121
0004299
0004300
0004301
0004302
0004309
0004355
0004358
0004406
0004455
0004592
0004618
0004620
0004621
0004622
0004624
0004636
0004648
0004650
0004653
0004655
0004656
0004666
0004667
0004669
0004705
0004729
0004753
0004907
0004922
0004948
0005050
0005259
0005272
0005339
0005366
0005387
0005388
0005389
0005424
0005596
0005602
0005626
0005639
0005640
0005646
0005758
0005890
0005910
0005920
0005933
0005940
0005948
0005997
0006057
0006135
0006142
0006165
0006168
0006300
0006441
0006446
0006491
0006534
0006551
0006559
0006745
0006755
0006783
0006815
0006927
0007004
0007075
0007270
0007381
0007498
0007560
0007581
0007656
0007676
0007789
0007856
0007904
0008009
0008012
0008015
0008144
0008246
0008247
0008308
0008310
0008313
0008370
0008372
0008416
0008451
0008503
0008504
0008533
0008548
0008549
0008630
0008659
0008665
0008742
0008845
0009022
0009210
0009240
0009338
0009402
0009404
0009407
0009408
0009419
0009421
0009522
0009654
0009899
0009900
0009908
0009973
filenames.txt
