0000604
0000787
0002039
0002076
0002125
0002263
0002275
0002446
0002546
0002580
0002629
0002630
0002632
0002633
0002635
0002636
0002864
0002953
0003000
0003292
0003674
0003761
0004024
0004089
0004635
0004664
0004665
0004674
0004773
0004846
0005279
0006168
0006424
0006540
0006542
0006543
0006544
0006547
0006553
0006554
0006555
0006556
0006557
0006777
0006923
0006927
0006930
0007117
0007386
0007387
0007588
0007789
0007838
0007908
0007918
0008016
0008203
0008260
0008311
0008581
0008585
0008666
0008959
0008962
0009298
filenames.txt
