0000023
0000024
0000026
0000028
0000031
0000033
0000034
0000049
0000059
0000061
0000079
0000080
0000081
0000082
0000083
0000084
0000091
0000096
0000098
0000200
0000201
0000202
0000203
0000205
0000206
0000207
0000208
0000209
0000210
0000211
0000212
0000213
0000214
0000215
0000216
0000217
0000218
0000220
0000221
0000222
0000224
0000225
0000227
0000228
0000229
0000230
0000231
0000232
0000234
0000315
0000318
0000332
0000386
0000417
0000424
0000427
0000428
0000429
0000431
0000433
0000445
0000483
0000495
0000496
0000518
0000546
0000582
0000583
0000590
0000594
0000596
0000597
0000601
0000603
0000624
0000633
0000637
0000674
0000679
0000680
0000690
0000691
0000692
0000763
0000778
0000791
0000806
0000827
0000829
0000830
0000838
0000844
0000846
0000848
0000851
0000854
0000855
0000857
0000859
0000862
0000873
0000912
0000967
0000989
0000996
0002005
0002009
0002010
0002016
0002029
0002032
0002035
0002061
0002067
0002068
0002074
0002096
0002097
0002098
0002099
0002100
0002101
0002102
0002103
0002104
0002105
0002106
0002107
0002108
0002109
0002110
0002111
0002113
0002115
0002117
0002120
0002122
0002130
0002133
0002135
0002136
0002137
0002148
0002149
0002159
0002160
0002161
0002171
0002174
0002198
0002220
0002221
0002223
0002224
0002227
0002229
0002233
0002234
0002235
0002237
0002243
0002245
0002246
0002249
0002250
0002252
0002258
0002377
0002378
0002379
0002381
0002383
0002387
0002388
0002390
0002391
0002394
0002397
0002402
0002415
0002423
0002426
0002431
0002437
0002438
0002439
0002440
0002442
0002444
0002457
0002466
0002483
0002484
0002503
0002525
0002531
0002532
0002534
0002536
0002550
0002557
0002558
0002562
0002567
0002575
0002578
0002579
0002583
0002595
0002596
0002599
0002640
0002642
0002643
0002644
0002645
0002647
0002648
0002652
0002653
0002654
0002656
0002657
0002658
0002659
0002660
0002661
0002662
0002663
0002664
0002665
0002666
0002667
0002744
0002785
0002819
0002849
0002850
0002854
0002857
0002858
0002873
0002896
0002899
0002903
0002921
0002924
0002927
0002932
0002937
0002941
0002946
0002956
0002958
0002960
0002967
0002974
0002978
0002999
0003002
0003003
0003004
0003005
0003006
0003007
0003009
0003011
0003012
0003026
0003028
0003029
0003032
0003039
0003045
0003067
0003075
0003085
0003115
0003136
0003252
0003253
0003254
0003270
0003274
0003275
0003277
0003278
0003281
0003284
0003287
0003288
0003289
0003290
0003292
0003294
0003296
0003297
0003301
0003330
0003331
0003332
0003333
0003334
0003335
0003337
0003338
0003348
0003350
0003354
0003374
0003375
0003376
0003377
0003378
0003379
0003380
0003381
0003382
0003383
0003384
0003385
0003387
0003388
0003389
0003390
0003391
0003392
0003393
0003394
0003395
0003396
0003399
0003400
0003401
0003402
0003403
0003404
0003405
0003406
0003407
0003408
0003409
0003410
0003413
0003414
0003415
0003416
0003417
0003418
0003420
0003421
0003422
0003423
0003424
0003425
0003426
0003429
0003430
0003431
0003432
0003433
0003435
0003436
0003438
0003472
0003473
0003593
0003634
0003636
0003640
0003642
0003665
0003735
0003743
0003744
0003749
0003768
0003775
0003776
0003777
0003778
0003781
0003784
0003788
0003789
0003796
0003801
0003802
0003807
0003808
0003809
0003832
0003902
0003980
0003986
0003997
0004014
0004016
0004019
0004027
0004040
0004054
0004192
0004201
0004218
0004220
0004227
0004228
0004239
0004261
0004262
0004291
0004295
0004298
0004299
0004301
0004304
0004306
0004307
0004310
0004320
0004321
0004326
0004330
0004331
0004346
0004347
0004351
0004354
0004355
0004381
0004518
0004524
0004532
0004533
0004577
0004579
0004581
0004597
0004602
0004603
0004649
0004650
0004698
0004699
0004700
0004704
0004707
0004714
0004715
0004716
0004717
0004720
0004724
0004725
0004726
0004742
0004785
0004799
0004800
0004801
0004803
0004804
0004805
0004806
0004807
0004808
0004809
0004810
0004811
0004812
0004813
0004814
0004819
0004821
0004822
0004823
0004824
0004825
0004828
0004830
0004831
0004836
0004838
0004842
0004844
0004845
0004853
0004854
0004855
0004859
0004862
0004867
0004891
0004906
0004907
0004913
0004914
0004915
0004936
0004939
0004941
0004944
0004952
0004956
0004970
0004971
0004972
0004974
0004975
0004976
0004977
0004978
0004979
0004981
0004982
0004983
0004995
0005022
0005025
0005026
0005028
0005029
0005030
0005031
0005032
0005037
0005038
0005039
0005040
0005041
0005042
0005054
0005055
0005059
0005062
0005068
0005072
0005073
0005079
0005082
0005083
0005084
0005093
0005095
0005096
0005099
0005100
0005104
0005109
0005110
0005123
0005139
0005157
0005213
0005215
0005216
0005217
0005218
0005219
0005220
0005221
0005223
0005224
0005225
0005243
0005245
0005246
0005251
0005258
0005282
0005291
0005292
0005295
0005296
0005300
0005339
0005381
0005395
0005396
0005409
0005424
0005437
0005438
0005441
0005442
0005448
0005449
0005450
0005451
0005452
0005456
0005457
0005458
0005459
0005460
0005470
0005474
0005475
0005476
0005477
0005478
0005481
0005482
0005483
0005494
0005499
0005506
0005510
0005513
0005515
0005516
0005517
0005538
0005540
0005553
0005554
0005559
0005565
0005570
0005572
0005576
0005589
0005598
0005601
0005602
0005603
0005604
0005616
0005655
0005688
0005731
0005739
0005745
0005755
0005758
0005759
0005774
0005775
0005776
0005791
0005805
0005811
0005812
0005813
0005822
0005832
0005860
0005862
0005868
0005903
0005927
0005935
0005951
0005963
0005996
0006005
0006007
0006011
0006021
0006022
0006025
0006043
0006046
0006049
0006050
0006051
0006053
0006062
0006065
0006067
0006076
0006077
0006144
0006145
0006153
0006157
0006158
0006159
0006246
0006252
0006264
0006265
0006296
0006297
0006301
0006302
0006303
0006304
0006309
0006312
0006313
0006314
0006332
0006335
0006336
0006338
0006342
0006351
0006372
0006373
0006383
0006419
0006422
0006438
0006450
0006452
0006457
0006459
0006462
0006463
0006464
0006466
0006467
0006468
0006472
0006478
0006479
0006480
0006483
0006484
0006489
0006565
0006574
0006599
0006648
0006649
0006697
0006704
0006742
0006747
0006759
0006760
0006761
0006762
0006796
0006798
0006813
0006814
0006836
0006838
0006839
0006840
0006841
0006845
0006851
0006854
0006861
0006866
0006867
0006872
0006873
0006890
0006902
0006903
0006905
0006907
0006911
0006912
0006923
0006924
0006928
0006969
0006974
0006977
0006980
0006982
0006985
0007004
0007023
0007026
0007048
0007049
0007050
0007052
0007053
0007054
0007059
0007060
0007067
0007069
0007082
0007089
0007091
0007092
0007094
0007104
0007109
0007111
0007113
0007153
0007157
0007160
0007161
0007163
0007166
0007175
0007176
0007187
0007189
0007204
0007208
0007228
0007231
0007234
0007332
0007352
0007360
0007362
0007365
0007370
0007375
0007379
0007389
0007411
0007426
0007427
0007428
0007437
0007445
0007446
0007451
0007453
0007454
0007455
0007458
0007462
0007476
0007478
0007479
0007483
0007484
0007485
0007486
0007493
0007494
0007503
0007505
0007506
0007507
0007512
0007514
0007526
0007532
0007533
0007536
0007538
0007545
0007574
0007575
0007576
0007577
0007578
0007579
0007580
0007581
0007584
0007585
0007586
0007587
0007623
0007644
0007651
0007653
0007663
0007664
0007676
0007696
0007697
0007698
0007715
0007747
0007765
0007766
0007767
0007768
0007769
0007770
0007771
0007772
0007773
0007774
0007775
0007776
0007778
0007780
0007782
0007783
0007784
0007785
0007787
0007789
0007790
0007791
0007792
0007793
0007794
0007886
0007887
0007902
0007932
0007959
0007994
0008008
0008017
0008020
0008099
0008102
0008121
0008124
0008125
0008126
0008128
0008129
0008130
0008151
0008162
0008176
0008187
0008190
0008194
0008198
0008222
0008225
0008226
0008227
0008229
0008231
0008233
0008235
0008236
0008238
0008275
0008277
0008281
0008285
0008295
0008296
0008297
0008298
0008312
0008324
0008328
0008351
0008361
0008367
0008406
0008408
0008448
0008464
0008466
0008467
0008468
0008469
0008472
0008476
0008477
0008478
0008479
0008482
0008483
0008485
0008486
0008488
0008489
0008490
0008491
0008492
0008493
0008494
0008505
0008507
0008509
0008519
0008521
0008524
0008526
0008530
0008582
0008645
0008648
0008671
0008672
0008673
0008674
0008681
0008685
0008686
0008701
0008729
0008731
0008739
0008754
0008758
0008772
0008785
0008786
0008787
0008788
0008789
0008791
0008792
0008793
0008794
0008795
0008796
0008797
0008798
0008799
0008801
0008802
0008803
0008804
0008805
0008807
0008808
0008809
0008811
0008812
0008813
0008814
0008815
0008817
0008860
0008868
0008885
0008892
0008894
0008925
0008933
0008936
0008937
0008939
0008940
0008941
0008942
0008943
0008944
0008946
0008947
0008948
0008949
0008950
0008951
0008952
0008953
0008954
0008955
0008956
0008957
0008960
0008982
0009032
0009038
0009043
0009056
0009059
0009061
0009073
0009084
0009106
0009113
0009124
0009125
0009135
0009139
0009140
0009176
0009177
0009179
0009180
0009182
0009183
0009186
0009189
0009193
0009200
0009242
0009243
0009244
0009245
0009251
0009252
0009253
0009254
0009255
0009267
0009304
0009305
0009306
0009307
0009308
0009310
0009312
0009313
0009323
0009338
0009354
0009355
0009356
0009357
0009360
0009362
0009363
0009364
0009366
0009373
0009416
0009438
0009439
0009443
0009573
0009608
0009619
0009623
0009626
0009627
0009628
0009629
0009630
0009633
0009634
0009635
0009642
0009643
0009645
0009649
0009677
0009694
0009709
0009712
0009716
0009718
0009723
0009724
0009738
0009746
0009747
0009766
0009779
0009787
0009788
0009792
0009796
0009797
0009829
0009835
0009836
0009864
0009904
0009921
0009969
0009971
0009972
0009973
0009975
0009976
0009977
0009981
0009989
0009994
0009995
0009996
filenames.txt
