0000034
0000052
0000203
0000239
0000270
0000295
0000298
0000300
0000302
0000307
0000315
0000317
0000319
0000320
0000322
0000327
0000332
0000460
0000464
0000732
0000736
0000741
0000744
0000746
0000748
0000750
0000751
0000752
0000754
0000758
0000761
0000763
0000764
0000765
0000766
0000810
0000864
0000872
0000896
0000905
0000961
0002002
0002078
0002083
0002084
0002086
0002088
0002089
0002090
0002091
0002092
0002094
0002262
0002274
0002433
0002487
0002541
0002579
0002651
0002653
0002654
0002775
0002823
0002917
0002985
0002986
0003058
0003059
0003074
0003075
0003076
0003077
0003084
0003085
0003086
0003087
0003091
0003173
0003240
0003241
0003300
0003309
0003310
0003311
0003312
0003318
0003351
0003621
0003622
0003623
0003627
0003631
0003633
0003634
0003635
0003641
0003644
0003649
0003652
0003654
0003657
0003668
0003680
0003704
0003771
0003885
0004030
0004049
0004169
0004172
0004173
0004174
0004175
0004176
0004180
0004181
0004182
0004185
0004284
0004374
0004505
0004565
0004772
0004852
0004935
0005014
0005137
0005159
0005250
0005351
0005352
0005354
0005375
0005438
0005455
0005456
0005462
0005476
0005507
0005511
0005591
0005610
0005611
0005620
0005621
0005627
0005643
0005671
0005691
0005741
0005780
0005830
0005853
0005873
0005883
0005914
0005919
0005928
0006027
0006030
0006034
0006036
0006037
0006038
0006039
0006040
0006041
0006061
0006066
0006167
0006169
0006262
0006359
0006367
0006380
0006381
0006410
0006465
0006474
0006584
0006585
0006692
0006770
0006784
0006821
0006824
0006829
0006928
0007005
0007008
0007010
0007011
0007016
0007019
0007020
0007021
0007112
0007218
0007367
0007412
0007413
0007421
0007422
0007442
0007469
0007470
0007481
0007483
0007531
0007544
0007558
0007669
0007670
0007693
0007758
0007821
0007824
0007827
0007828
0007830
0007831
0007833
0007834
0007835
0007837
0007839
0007841
0007845
0007847
0008088
0008090
0008092
0008094
0008098
0008100
0008103
0008104
0008107
0008118
0008230
0008259
0008261
0008318
0008528
0008583
0008713
0008728
0008741
0008781
0008851
0008856
0008894
0009038
0009108
0009127
0009133
0009147
0009187
0009213
0009217
0009221
0009335
0009343
0009505
0009734
0009736
0009737
0009741
0009742
0009745
0009773
0009880
0009895
0009914
0009916
0009921
0009922
0009924
0009927
0009931
0009937
0009938
0009939
filenames.txt
