0000000
0000003
0000092
0000202
0000259
0000359
0000376
0000384
0000391
0000396
0000425
0000426
0000430
0000432
0000434
0000436
0000441
0000443
0000445
0000446
0000447
0000452
0000453
0000454
0000560
0000565
0000567
0000568
0000569
0000570
0000573
0000577
0000578
0000579
0000580
0000581
0000583
0000585
0000586
0000589
0000590
0000591
0000598
0000599
0000602
0000603
0000604
0000605
0000606
0000607
0000618
0000619
0000620
0000621
0000622
0000623
0000624
0000626
0000627
0000628
0000629
0000630
0000631
0000632
0000633
0000634
0000635
0000636
0000637
0000639
0000640
0000641
0000642
0000643
0000653
0000654
0000655
0000657
0000658
0000659
0000660
0000667
0000676
0000677
0000680
0000681
0000684
0000685
0000686
0000687
0000690
0000831
0000834
0000845
0000961
0000964
0000965
0000969
0000971
0000973
0000976
0000977
0000986
0000988
0000996
0002008
0002010
0002075
0002110
0002111
0002113
0002116
0002117
0002138
0002139
0002141
0002148
0002150
0002151
0002158
0002207
0002257
0002263
0002265
0002422
0002425
0002426
0002427
0002428
0002429
0002430
0002431
0002432
0002433
0002434
0002435
0002436
0002437
0002438
0002440
0002441
0002442
0002443
0002445
0002446
0002447
0002460
0002510
0002517
0002519
0002529
0002542
0002551
0002574
0002619
0002631
0002673
0002680
0002744
0002780
0002781
0002807
0002808
0002809
0002810
0002812
0002813
0002817
0002905
0002906
0002916
0002919
0002924
0002925
0002926
0002934
0002935
0002951
0002967
0002971
0003003
0003010
0003027
0003031
0003039
0003040
0003043
0003090
0003092
0003207
0003240
0003304
0003334
0003335
0003337
0003338
0003340
0003347
0003348
0003350
0003351
0003375
0003399
0003425
0003596
0003604
0003727
0003753
0003778
0003780
0003782
0003783
0003784
0003785
0003789
0003790
0003791
0003792
0003793
0003794
0003795
0003800
0003802
0003803
0003805
0003806
0003810
0003826
0003827
0003979
0003983
0003984
0003987
0003992
0003995
0003996
0004002
0004003
0004004
0004005
0004007
0004009
0004010
0004011
0004013
0004014
0004016
0004017
0004018
0004019
0004020
0004021
0004023
0004024
0004025
0004026
0004036
0004037
0004040
0004042
0004045
0004046
0004054
0004204
0004207
0004280
0004292
0004305
0004417
0004517
0004519
0004520
0004521
0004522
0004523
0004525
0004526
0004527
0004528
0004529
0004530
0004531
0004532
0004534
0004535
0004537
0004572
0004624
0004626
0004627
0004669
0004729
0004827
0004945
0004950
0004951
0004982
0004986
0004988
0005013
0005105
0005216
0005218
0005219
0005249
0005261
0005266
0005267
0005276
0005337
0005338
0005341
0005488
0005549
0005550
0005634
0005637
0005639
0005666
0005675
0005676
0005687
0005895
0005896
0005898
0005904
0005905
0005906
0005907
0005908
0005919
0005922
0005924
0005930
0006007
0006008
0006020
0006021
0006025
0006044
0006048
0006063
0006064
0006067
0006071
0006074
0006076
0006078
0006080
0006266
0006271
0006298
0006328
0006329
0006330
0006331
0006333
0006334
0006335
0006339
0006340
0006343
0006345
0006354
0006393
0006419
0006422
0006449
0006467
0006473
0006476
0006523
0006551
0006558
0006559
0006566
0006576
0006577
0006578
0006583
0006680
0006733
0006738
0006741
0006742
0006743
0006745
0006747
0006750
0006759
0006767
0006768
0006803
0006825
0006833
0006835
0006837
0006847
0006848
0006877
0006902
0006926
0006980
0006982
0006986
0007088
0007114
0007158
0007159
0007163
0007164
0007165
0007167
0007200
0007205
0007231
0007290
0007296
0007453
0007455
0007456
0007459
0007468
0007476
0007504
0007507
0007509
0007515
0007516
0007520
0007550
0007594
0007624
0007676
0007688
0007689
0007694
0007699
0007704
0007713
0007770
0007785
0007851
0007993
0007994
0007995
0007996
0007997
0008000
0008003
0008004
0008006
0008007
0008010
0008014
0008015
0008016
0008017
0008018
0008020
0008021
0008025
0008153
0008154
0008155
0008156
0008157
0008159
0008160
0008162
0008185
0008202
0008264
0008273
0008279
0008283
0008297
0008309
0008313
0008318
0008319
0008368
0008452
0008453
0008454
0008456
0008457
0008458
0008459
0008460
0008461
0008463
0008464
0008465
0008515
0008516
0008528
0008531
0008572
0008636
0008640
0008653
0008654
0008656
0008660
0008661
0008667
0008738
0008741
0008744
0008763
0008802
0008819
0008848
0008849
0008851
0008852
0009023
0009027
0009131
0009136
0009168
0009169
0009170
0009171
0009172
0009173
0009174
0009175
0009177
0009178
0009181
0009201
0009204
0009211
0009230
0009232
0009238
0009239
0009252
0009342
0009362
0009366
0009439
0009478
0009488
0009521
0009522
0009625
0009630
0009636
0009637
0009638
0009639
0009640
0009641
0009645
0009650
0009652
0009662
0009668
0009682
0009684
0009686
0009687
0009689
0009693
0009694
0009695
0009697
0009703
0009705
0009707
0009709
0009710
0009711
0009712
0009713
0009716
0009717
0009720
0009722
0009723
0009724
0009753
0009761
0009922
0009939
filenames.txt
