0000022
0000469
0000860
0000871
0000898
0000899
0000900
0000902
0000903
0000904
0000905
0000906
0000907
0000908
0000911
0000912
0002649
0002650
0002651
0002654
0002655
0002656
0002659
0002850
0003087
0003181
0003383
0003435
0003580
0004371
0004373
0004376
0004377
0004380
0004381
0004704
0004707
0004717
0004722
0004931
0004934
0004939
0004940
0004995
0005156
0005284
0005592
0005595
0005596
0005597
0005598
0005600
0005601
0005602
0005603
0005604
0005605
0005607
0005608
0005609
0005689
0005855
0005856
0005857
0005872
0006016
0006164
0006674
0006690
0006796
0007013
0007014
0007352
0007354
0007421
0007449
0007557
0007586
0007649
0007659
0007676
0007781
0008129
0008130
0008135
0008151
0008191
0008226
0008233
0008234
0008237
0008686
0008729
0008762
0008811
0008845
0009111
0009271
0009754
0009834
filenames.txt
