0000032
0000040
0000053
0000090
0000223
0000230
0000258
0000259
0000276
0000357
0000365
0000378
0000381
0000387
0000388
0000389
0000391
0000392
0000394
0000395
0000400
0000401
0000402
0000407
0000408
0000410
0000411
0000414
0000419
0000420
0000422
0000427
0000603
0000612
0000710
0000711
0000768
0000797
0000887
0000940
0002020
0002022
0002075
0002076
0002142
0002164
0002165
0002166
0002167
0002168
0002169
0002170
0002173
0002174
0002175
0002176
0002263
0002268
0002378
0002394
0002415
0002424
0002510
0002516
0002519
0002593
0002598
0002721
0002754
0002756
0002758
0002759
0002785
0002788
0002790
0002795
0002797
0002800
0002801
0002802
0002803
0002804
0002805
0002819
0002825
0002857
0002908
0002911
0002917
0002930
0002935
0002942
0002943
0002949
0002950
0002953
0002955
0002960
0002983
0002987
0003006
0003008
0003011
0003021
0003041
0003067
0003220
0003229
0003243
0003319
0003326
0003353
0003373
0003386
0003398
0003414
0003415
0003434
0003449
0003521
0003585
0003589
0003592
0003615
0003639
0003680
0003706
0003713
0003714
0003715
0003717
0003723
0003724
0003725
0003726
0003728
0003735
0003736
0003738
0003739
0003741
0003742
0003743
0003744
0003748
0003749
0003750
0003754
0003761
0003764
0003765
0003766
0003768
0003770
0003771
0003772
0003773
0003774
0003786
0003971
0004114
0004120
0004127
0004144
0004145
0004146
0004198
0004220
0004293
0004304
0004373
0004438
0004443
0004448
0004453
0004454
0004467
0004470
0004473
0004476
0004477
0004566
0004637
0004640
0004652
0004670
0004671
0004678
0004685
0004695
0004697
0004702
0004703
0004705
0004706
0004714
0004723
0004785
0004802
0004826
0004841
0004853
0004854
0004939
0004948
0004973
0004984
0004986
0005183
0005245
0005265
0005284
0005285
0005293
0005295
0005299
0005338
0005340
0005341
0005379
0005380
0005401
0005475
0005488
0005494
0005624
0005625
0005627
0005631
0005640
0005646
0005650
0005651
0005654
0005665
0005681
0005684
0005697
0005836
0005884
0005885
0005910
0005913
0005915
0005916
0005920
0005927
0005943
0005950
0005951
0005952
0006000
0006003
0006009
0006026
0006054
0006153
0006164
0006168
0006271
0006298
0006301
0006319
0006401
0006406
0006477
0006478
0006528
0006580
0006586
0006589
0006597
0006613
0006632
0006656
0006661
0006685
0006688
0006694
0006695
0006696
0006700
0006703
0006704
0006707
0006708
0006709
0006711
0006718
0006720
0006725
0006726
0006729
0006730
0006732
0006733
0006734
0006735
0006760
0006792
0006826
0006843
0006845
0006847
0006851
0006854
0006861
0006863
0006888
0006890
0006897
0006900
0006902
0006903
0006906
0006908
0006969
0007009
0007050
0007059
0007177
0007184
0007356
0007365
0007374
0007410
0007411
0007438
0007485
0007486
0007487
0007488
0007489
0007521
0007536
0007543
0007563
0007585
0007590
0007617
0007626
0007630
0007631
0007664
0007666
0007667
0007673
0007687
0007728
0007767
0007787
0007833
0007851
0007856
0007859
0007861
0007862
0007866
0007869
0007873
0007876
0007878
0007880
0007881
0007886
0007887
0007892
0007896
0007897
0007899
0007901
0007904
0007906
0007907
0007908
0007909
0007911
0007912
0007980
0007994
0008044
0008060
0008064
0008066
0008128
0008212
0008223
0008224
0008232
0008261
0008271
0008272
0008273
0008294
0008295
0008296
0008298
0008329
0008331
0008334
0008494
0008500
0008502
0008503
0008504
0008506
0008528
0008530
0008578
0008645
0008655
0008657
0008662
0008667
0008680
0008689
0008702
0008707
0008745
0008746
0008812
0008842
0008844
0008846
0008848
0008851
0008940
0008950
0008954
0009038
0009184
0009185
0009186
0009193
0009206
0009244
0009263
0009272
0009275
0009278
0009279
0009280
0009281
0009282
0009285
0009288
0009293
0009299
0009300
0009302
0009303
0009305
0009306
0009308
0009309
0009310
0009311
0009313
0009342
0009350
0009359
0009364
0009620
0009665
0009751
0009829
0009835
0009842
0009936
0009953
0009954
0009957
0009974
filenames.txt
