0000023
0000027
0000031
0000033
0000034
0000213
0000216
0000227
0000943
0002070
0002120
0002579
0002645
0002657
0002664
0002700
0002761
0002763
0002837
0002838
0002840
0002841
0002846
0002847
0002849
0003398
0003416
0003422
0003579
0003584
0003587
0003590
0003592
0003593
0004146
0004240
0004299
0004448
0004451
0004454
0004455
0004463
0004688
0004690
0004691
0004693
0004694
0004695
0004697
0004698
0004701
0004702
0004705
0004706
0004708
0004710
0004713
0004714
0004715
0004716
0004718
0004724
0004725
0005282
0005285
0005286
0005288
0005289
0005290
0005292
0005293
0005297
0005299
0005307
0005342
0005447
0005628
0005871
0006164
0006589
0006674
0006713
0006783
0006788
0006793
0006795
0006807
0006812
0006906
0006934
0007050
0007051
0007055
0007056
0007060
0007355
0007358
0007361
0007363
0007366
0007369
0007408
0007409
0007519
0007602
0007653
0007654
0007655
0007656
0007661
0007664
0007787
0007911
0008229
0008230
0008231
0008232
0008235
0008331
0008366
0008676
0008677
0009289
0009507
0009833
filenames.txt
