0000005
0000006
0000007
0000008
0000009
0000033
0000053
0000236
0000259
0000263
0000265
0000266
0000271
0000341
0000376
0000381
0000391
0000439
0000441
0000453
0000491
0000577
0000610
0000614
0000681
0000682
0000719
0000720
0000726
0000730
0000732
0000738
0000743
0000748
0000761
0000763
0000764
0000772
0000778
0000806
0000863
0000873
0000960
0000996
0000997
0002040
0002072
0002077
0002079
0002081
0002125
0002129
0002132
0002134
0002156
0002178
0002180
0002183
0002188
0002189
0002194
0002195
0002252
0002255
0002262
0002265
0002307
0002354
0002406
0002416
0002490
0002502
0002528
0002579
0002609
0002610
0002614
0002617
0002718
0002720
0002765
0002766
0002771
0002832
0002833
0002842
0002851
0002852
0002853
0002857
0002858
0002859
0002861
0002862
0002902
0002903
0002904
0002915
0002937
0002938
0002939
0002946
0002956
0002968
0002970
0002974
0003000
0003013
0003015
0003017
0003021
0003022
0003023
0003045
0003046
0003047
0003049
0003050
0003053
0003054
0003055
0003059
0003064
0003098
0003117
0003175
0003176
0003209
0003217
0003235
0003268
0003287
0003303
0003311
0003315
0003318
0003339
0003351
0003473
0003475
0003521
0003572
0003582
0003588
0003619
0003621
0003630
0003631
0003645
0003655
0003656
0003823
0003824
0003888
0003889
0003891
0003892
0003893
0003894
0003895
0003896
0003897
0003898
0003899
0003900
0003925
0003972
0004012
0004013
0004020
0004029
0004100
0004101
0004102
0004103
0004104
0004105
0004106
0004107
0004128
0004134
0004135
0004157
0004169
0004179
0004185
0004202
0004203
0004262
0004351
0004356
0004374
0004381
0004387
0004388
0004459
0004488
0004489
0004495
0004496
0004658
0004709
0004720
0004756
0004760
0004761
0004773
0004775
0004778
0004780
0004782
0004784
0004786
0004805
0004830
0004831
0004834
0004835
0004837
0004839
0004840
0004841
0004842
0004844
0004845
0004846
0004849
0004921
0004934
0004943
0004944
0004969
0004987
0005006
0005046
0005050
0005103
0005108
0005118
0005159
0005244
0005264
0005268
0005269
0005279
0005283
0005287
0005324
0005341
0005342
0005355
0005356
0005360
0005361
0005362
0005367
0005370
0005382
0005393
0005394
0005428
0005439
0005441
0005442
0005443
0005444
0005445
0005447
0005448
0005449
0005450
0005452
0005453
0005454
0005455
0005457
0005460
0005461
0005465
0005468
0005470
0005471
0005474
0005477
0005478
0005479
0005480
0005482
0005487
0005488
0005489
0005490
0005491
0005492
0005493
0005497
0005498
0005500
0005503
0005506
0005508
0005509
0005511
0005570
0005581
0005582
0005612
0005613
0005615
0005619
0005620
0005621
0005623
0005627
0005629
0005672
0005673
0005674
0005677
0005688
0005748
0005847
0005890
0005892
0005933
0006006
0006008
0006010
0006011
0006012
0006018
0006081
0006083
0006084
0006085
0006087
0006090
0006094
0006097
0006100
0006101
0006102
0006103
0006104
0006105
0006106
0006107
0006108
0006109
0006112
0006115
0006123
0006125
0006130
0006316
0006326
0006378
0006400
0006425
0006427
0006430
0006457
0006465
0006548
0006584
0006587
0006592
0006601
0006602
0006609
0006610
0006611
0006627
0006649
0006654
0006681
0006687
0006690
0006692
0006695
0006757
0006766
0006773
0006778
0006797
0006798
0006799
0006800
0006801
0006802
0006803
0006804
0006805
0006809
0006819
0006820
0006823
0006830
0006833
0006842
0006846
0006866
0006889
0006915
0006916
0006920
0006926
0006931
0006945
0006961
0006968
0006973
0006987
0006991
0006992
0006997
0006999
0007020
0007025
0007027
0007028
0007030
0007032
0007033
0007052
0007064
0007113
0007154
0007155
0007217
0007222
0007227
0007339
0007349
0007381
0007412
0007418
0007425
0007444
0007447
0007450
0007482
0007504
0007524
0007525
0007527
0007529
0007536
0007559
0007588
0007604
0007606
0007607
0007612
0007627
0007638
0007674
0007684
0007685
0007747
0007748
0007749
0007750
0007751
0007752
0007753
0007754
0007757
0007758
0007760
0007761
0007763
0007822
0007832
0007852
0007877
0007880
0007888
0007890
0007914
0007915
0007916
0007917
0007918
0007919
0007920
0007921
0007922
0007923
0007924
0008012
0008037
0008038
0008048
0008100
0008125
0008142
0008149
0008150
0008222
0008237
0008242
0008247
0008251
0008253
0008255
0008256
0008257
0008258
0008259
0008260
0008261
0008262
0008263
0008287
0008337
0008347
0008353
0008354
0008355
0008357
0008359
0008360
0008362
0008363
0008366
0008367
0008382
0008384
0008385
0008386
0008391
0008480
0008495
0008510
0008513
0008568
0008589
0008592
0008615
0008621
0008628
0008634
0008639
0008643
0008646
0008649
0008659
0008683
0008711
0008712
0008720
0008724
0008761
0008779
0008813
0008824
0008851
0009007
0009008
0009009
0009010
0009011
0009013
0009015
0009016
0009017
0009018
0009030
0009034
0009140
0009141
0009145
0009181
0009215
0009219
0009224
0009237
0009261
0009273
0009281
0009288
0009329
0009332
0009333
0009335
0009336
0009337
0009338
0009339
0009340
0009342
0009345
0009367
0009368
0009370
0009372
0009373
0009374
0009375
0009377
0009421
0009442
0009553
0009616
0009640
0009654
0009663
0009698
0009714
0009776
0009829
0009833
0009836
0009879
0009882
0009895
0009924
0009930
0009933
0009935
filenames.txt
